Index    0.25         0.26  
----------------------------
  1    0.731250     0.750360
  2    0.766441     0.730547
  3    0.698135     0.767707
  4    0.821896     0.695499
  5    0.570894     0.825942
  6    0.955399     0.560671
  7    0.166187     0.960644
  8    0.540418     0.147447
  9    0.968629     0.490255
 10    0.118509     0.974630
Index    0.24         0.23  
----------------------------
  1    0.711360     0.690690
  2    0.800775     0.833186
  3    0.622184     0.542051
  4    0.916777     0.968104
  5    0.297557     0.120428
  6    0.815166     0.413107
  7    0.587615     0.945553
  8    0.945062     0.200781
  9    0.202486     0.625825
 10    0.629794     0.913256
